model = tm.FeedForwardNN_CNN(input_size, output_size, ks=3)

0.011882        0.006529        0.003   Adam            64
0.011944        0.007696        0.001   RMSprop         32
0.011979        0.005788        0.001   NAdam           16
0.011985        0.006740        0.001   Adam            16
0.012025        0.007107        0.001   Adam            32
0.012045        0.007415        0.003   Adam            32
0.012047        0.006358        0.003   NAdam           32
0.012089        0.006267        0.003   NAdam           64
0.012092        0.007525        0.003   RMSprop         32
0.012116        0.007198        0.001   RMSprop         16
0.012196        0.007424        0.003   RMSprop         16
0.012201        0.008282        0.001   NAdam           64
0.012310        0.006693        0.001   NAdam           32
0.012345        0.007463        0.003   NAdam           16
0.012385        0.009436        0.0003  Adam            32
0.012490        0.008219        0.001   Adam            64
0.012591        0.009679        0.0003  Adam            16
0.012623        0.010980        0.0003  RMSprop         32
0.012632        0.008251        0.003   RMSprop         64
0.012797        0.007384        0.003   Adam            16
0.013061        0.011602        0.0003  Adam            64
0.013125        0.010697        0.001   RMSprop         64
0.013227        0.012090        0.0003  RMSprop         64
0.013448        0.010709        0.0003  RMSprop         16
0.014731        0.013281        0.0003  NAdam           16
0.015489        0.014796        0.0003  NAdam           32
0.015677        0.015189        0.0003  NAdam           64
0.018401        0.018625        0.0003  SGD             16
0.018403        0.018625        0.0003  SGD             32
0.018403        0.018626        0.001   SGD             32
0.018404        0.018629        0.001   SGD             16
0.018405        0.018621        0.001   SGD             64
0.018406        0.018632        0.003   SGD             16
0.018410        0.018619        0.003   SGD             32
0.018411        0.018637        0.003   SGD             64
0.018412        0.018625        0.0003  SGD             64