model = tm.FeedForwardNN(input_size, output_size)

0.011779        0.008786        0.001   RMSprop         64
0.011857        0.007886        0.001   Adam            32
0.011859        0.008121        0.001   NAdam           64
0.011862        0.007239        0.001   NAdam           32
0.011875        0.007131        0.001   RMSprop         16
0.011898        0.007270        0.001   Adam            16
0.011961        0.007952        0.001   RMSprop         32
0.011994        0.008799        0.001   Adam            64
0.012039        0.006542        0.001   NAdam           16
0.012045        0.008759        0.003   RMSprop         16
0.012130        0.010045        0.0003  NAdam           16
0.012134        0.009964        0.0003  Adam            16
0.012170        0.009966        0.0003  RMSprop         16
0.012290        0.007846        0.003   Adam            64
0.012291        0.008058        0.003   NAdam           16
0.012319        0.006915        0.003   NAdam           32
0.012351        0.008244        0.003   RMSprop         32
0.012364        0.008303        0.003   Adam            32
0.012475        0.011067        0.0003  RMSprop         32
0.012476        0.006712        0.003   NAdam           64
0.012523        0.009952        0.003   Adam            16
0.012615        0.011291        0.0003  Adam            32
0.012660        0.011373        0.0003  NAdam           32
0.012719        0.009180        0.003   RMSprop         64
0.013117        0.012257        0.0003  RMSprop         64
0.013222        0.012320        0.0003  NAdam           64
0.013305        0.012104        0.0003  Adam            64
0.021504        0.021718        0.003   SGD             16
0.022310        0.022485        0.003   SGD             32
0.022353        0.022552        0.001   SGD             16
0.022789        0.022993        0.003   SGD             64
0.022881        0.023088        0.0003  SGD             32
0.022883        0.023063        0.001   SGD             32
0.022972        0.023178        0.001   SGD             64
0.023037        0.023238        0.0003  SGD             16
0.023113        0.023311        0.0003  SGD             64